,Datetime,P_W_list,p_bss_values,E,P_W_shift,original_flucuation,P_CW,P_CW_shift,after_flucuation
0,2022-09-18 00:00:00,1663.82,0.0,338.16,1663.82,0.0,1663.82,1663.82,0.0
1,2022-09-18 00:15:00,1647.74,0.0,338.16,1663.82,-16.079999999999927,1647.74,1663.82,-16.079999999999927
2,2022-09-18 00:30:00,1589.06,-93.96,360.05,1647.74,-58.680000000000064,1495.1,1647.74,-152.6400000000001
3,2022-09-18 00:45:00,1575.79,-399.1,453.04,1589.06,-13.269999999999982,1176.69,1495.1,-318.40999999999985
4,2022-09-18 01:00:00,1470.96,-294.27,521.6,1575.79,-104.82999999999993,1176.69,1176.69,0.0
5,2022-09-18 01:15:00,1390.37,-213.68,571.39,1470.96,-80.59000000000015,1176.6899999999998,1176.69,-2.2737367544323206e-13
6,2022-09-18 01:30:00,1310.63,-133.94,602.6,1390.37,-79.73999999999978,1176.69,1176.6899999999998,2.2737367544323206e-13
7,2022-09-18 01:45:00,1195.66,-18.97,607.02,1310.63,-114.97000000000003,1176.69,1176.69,0.0
8,2022-09-18 02:00:00,1249.38,-72.69,623.96,1195.66,53.72000000000003,1176.69,1176.69,0.0
9,2022-09-18 02:15:00,1228.96,-52.27,636.14,1249.38,-20.420000000000073,1176.69,1176.69,0.0
10,2022-09-18 02:30:00,1150.98,-27.31,642.5,1228.96,-77.98000000000002,1123.67,1176.69,-53.01999999999998
11,2022-09-18 02:45:00,1109.7,-0.02,642.5,1150.98,-41.27999999999997,1109.68,1123.67,-13.990000000000009
12,2022-09-18 03:00:00,1085.27,-0.02,642.5,1109.7,-24.430000000000064,1085.25,1109.68,-24.430000000000064
13,2022-09-18 03:15:00,1060.2,10.61,639.65,1085.27,-25.069999999999936,1070.81,1085.25,-14.440000000000055
14,2022-09-18 03:30:00,979.72,91.09,615.22,1060.2,-80.48000000000002,1070.81,1070.81,0.0
15,2022-09-18 03:45:00,1008.99,61.82,598.64,979.72,29.269999999999982,1070.81,1070.81,0.0
16,2022-09-18 04:00:00,1053.92,16.89,594.11,1008.99,44.930000000000064,1070.8100000000002,1070.81,2.2737367544323206e-13
17,2022-09-18 04:15:00,1011.04,59.77,578.08,1053.92,-42.88000000000011,1070.81,1070.8100000000002,-2.2737367544323206e-13
18,2022-09-18 04:30:00,957.73,113.08,547.75,1011.04,-53.309999999999945,1070.81,1070.81,0.0
19,2022-09-18 04:45:00,1000.89,69.92,528.99,957.73,43.15999999999997,1070.81,1070.81,0.0
20,2022-09-18 05:00:00,1118.28,-47.47,540.05,1000.89,117.38999999999999,1070.81,1070.81,0.0
21,2022-09-18 05:15:00,1122.41,-51.6,552.07,1118.28,4.130000000000109,1070.8100000000002,1070.81,2.2737367544323206e-13
22,2022-09-18 05:30:00,1088.63,-17.82,556.22,1122.41,-33.77999999999997,1070.8100000000002,1070.8100000000002,0.0
23,2022-09-18 05:45:00,1029.76,41.05,545.21,1088.63,-58.87000000000012,1070.81,1070.8100000000002,-2.2737367544323206e-13
24,2022-09-18 06:00:00,957.03,113.78,514.69,1029.76,-72.73000000000002,1070.81,1070.81,0.0
25,2022-09-18 06:15:00,904.34,166.47,470.04,957.03,-52.68999999999994,1070.81,1070.81,0.0
26,2022-09-18 06:30:00,836.89,233.92,407.29,904.34,-67.45000000000005,1070.81,1070.81,0.0
27,2022-09-18 06:45:00,824.23,246.58,341.15,836.89,-12.659999999999968,1070.81,1070.81,0.0
28,2022-09-18 07:00:00,898.11,172.7,294.82,824.23,73.88,1070.81,1070.81,0.0
29,2022-09-18 07:15:00,1032.59,38.22,284.57,898.11,134.4799999999999,1070.81,1070.81,0.0
30,2022-09-18 07:30:00,1128.64,-57.83,298.04,1032.59,96.05000000000018,1070.8100000000002,1070.81,2.2737367544323206e-13
31,2022-09-18 07:45:00,1169.46,-98.65,321.02,1128.64,40.819999999999936,1070.81,1070.8100000000002,-2.2737367544323206e-13
32,2022-09-18 08:00:00,1117.54,-46.73,331.91,1169.46,-51.92000000000007,1070.81,1070.81,0.0
33,2022-09-18 08:15:00,1019.13,51.68,318.05,1117.54,-98.40999999999997,1070.81,1070.81,0.0
34,2022-09-18 08:30:00,886.95,183.86,268.73,1019.13,-132.17999999999995,1070.81,1070.81,0.0
35,2022-09-18 08:45:00,848.85,221.96,209.19,886.95,-38.10000000000002,1070.81,1070.81,0.0
36,2022-09-18 09:00:00,776.75,294.06,130.31,848.85,-72.10000000000002,1070.81,1070.81,0.0
37,2022-09-18 09:15:00,904.04,166.77,85.57,776.75,127.28999999999996,1070.81,1070.81,0.0
38,2022-09-18 09:30:00,985.6,85.21,62.71,904.04,81.56000000000006,1070.81,1070.81,0.0
39,2022-09-18 09:45:00,967.54,103.26,35.01,985.6,-18.06000000000006,1070.8,1070.81,-0.009999999999990905
40,2022-09-18 10:00:00,1071.32,-0.52,35.13,967.54,103.77999999999997,1070.8,1070.8,0.0
41,2022-09-18 10:15:00,1065.9,4.9,33.82,1071.32,-5.419999999999845,1070.8000000000002,1070.8,2.2737367544323206e-13
42,2022-09-18 10:30:00,1085.9,-5.57,35.12,1065.9,20.0,1080.3300000000002,1070.8000000000002,9.529999999999973
43,2022-09-18 10:45:00,1075.48,4.85,33.82,1085.9,-10.420000000000073,1080.33,1080.3300000000002,-2.2737367544323206e-13
44,2022-09-18 11:00:00,1147.17,0.0,33.82,1075.48,71.69000000000005,1147.17,1080.33,66.84000000000015
45,2022-09-18 11:15:00,1254.06,0.0,33.82,1147.17,106.88999999999987,1254.06,1147.17,106.88999999999987
46,2022-09-18 11:30:00,1310.79,-9.83,36.11,1254.06,56.73000000000002,1300.96,1254.06,46.90000000000009
47,2022-09-18 11:45:00,1292.4,8.55,33.82,1310.79,-18.389999999999873,1300.95,1300.96,-0.009999999999990905
48,2022-09-18 12:00:00,1707.58,-350.78,115.55,1292.4,415.17999999999984,1356.8,1300.95,55.84999999999991
49,2022-09-18 12:15:00,1561.42,-86.32,135.66,1707.58,-146.15999999999985,1475.1000000000001,1356.8,118.30000000000018
50,2022-09-18 12:30:00,1396.31,141.03,97.83,1561.42,-165.11000000000013,1537.34,1475.1000000000001,62.23999999999978
51,2022-09-18 12:45:00,1475.1,62.24,81.14,1396.31,78.78999999999996,1537.34,1537.34,0.0
52,2022-09-18 13:00:00,1746.34,-209.0,129.84,1475.1,271.24,1537.34,1537.34,0.0
53,2022-09-18 13:15:00,1828.86,-291.52,197.76,1746.34,82.51999999999998,1537.34,1537.34,0.0
54,2022-09-18 13:30:00,1574.13,-36.79,206.33,1828.86,-254.7299999999998,1537.3400000000001,1537.34,2.2737367544323206e-13
55,2022-09-18 13:45:00,1486.88,50.46,192.8,1574.13,-87.25,1537.3400000000001,1537.3400000000001,0.0
56,2022-09-18 14:00:00,1511.43,25.91,185.85,1486.88,24.549999999999955,1537.3400000000001,1537.3400000000001,0.0
57,2022-09-18 14:15:00,1390.92,146.42,146.57,1511.43,-120.50999999999999,1537.3400000000001,1537.3400000000001,0.0
58,2022-09-18 14:30:00,1409.31,128.03,112.23,1390.92,18.389999999999873,1537.34,1537.3400000000001,-2.2737367544323206e-13
59,2022-09-18 14:45:00,1459.13,78.21,91.25,1409.31,49.820000000000164,1537.3400000000001,1537.34,2.2737367544323206e-13
60,2022-09-18 15:00:00,1452.64,84.7,68.53,1459.13,-6.490000000000009,1537.3400000000001,1537.3400000000001,0.0
61,2022-09-18 15:15:00,1441.29,96.05,42.77,1452.64,-11.350000000000136,1537.34,1537.3400000000001,-2.2737367544323206e-13
62,2022-09-18 15:30:00,1503.97,33.37,33.82,1441.29,62.680000000000064,1537.34,1537.34,0.0
63,2022-09-18 15:45:00,1661.99,0.0,33.82,1503.97,158.01999999999998,1661.99,1537.34,124.65000000000009
64,2022-09-18 16:00:00,1879.1,-110.3,59.52,1661.99,217.1099999999999,1768.8,1661.99,106.80999999999995
65,2022-09-18 16:15:00,1940.47,-171.63,99.51,1879.1,61.37000000000012,1768.8400000000001,1768.8,0.040000000000190994
66,2022-09-18 16:30:00,1757.28,11.56,96.41,1940.47,-183.19000000000005,1768.84,1768.8400000000001,-2.2737367544323206e-13
67,2022-09-18 16:45:00,1617.43,151.41,55.79,1757.28,-139.8499999999999,1768.8400000000001,1768.84,2.2737367544323206e-13
68,2022-09-18 17:00:00,1708.53,61.6,39.27,1617.43,91.09999999999991,1770.1299999999999,1768.8400000000001,1.2899999999997362
69,2022-09-18 17:15:00,1817.55,0.0,39.27,1708.53,109.01999999999998,1817.55,1770.1299999999999,47.42000000000007
70,2022-09-18 17:30:00,1819.0,-1.45,39.61,1817.55,1.4500000000000455,1817.55,1817.55,0.0
71,2022-09-18 17:45:00,1820.29,0.0,39.61,1819.0,1.2899999999999636,1820.29,1817.55,2.740000000000009
72,2022-09-18 18:00:00,1799.97,21.6,33.82,1820.29,-20.319999999999936,1821.57,1820.29,1.2799999999999727
73,2022-09-18 18:15:00,1967.23,-24.69,39.57,1799.97,167.26,1942.54,1821.57,120.97000000000003
74,2022-09-18 18:30:00,2112.44,-169.9,79.16,1967.23,145.21000000000004,1942.54,1942.54,0.0
75,2022-09-18 18:45:00,2127.08,-184.54,122.16,2112.44,14.639999999999873,1942.54,1942.54,0.0
76,2022-09-18 19:00:00,2074.82,-132.28,152.98,2127.08,-52.25999999999976,1942.5400000000002,1942.54,2.2737367544323206e-13
77,2022-09-18 19:15:00,2093.62,-151.08,188.18,2074.82,18.799999999999727,1942.54,1942.5400000000002,-2.2737367544323206e-13
78,2022-09-18 19:30:00,2104.45,-161.91,225.91,2093.62,10.829999999999927,1942.5399999999997,1942.54,-2.2737367544323206e-13
79,2022-09-18 19:45:00,2051.88,-109.34,251.39,2104.45,-52.56999999999971,1942.5400000000002,1942.5399999999997,4.547473508864641e-13
80,2022-09-18 20:00:00,2065.35,-122.81,280.01,2051.88,13.4699999999998,1942.54,1942.5400000000002,-2.2737367544323206e-13
81,2022-09-18 20:15:00,2134.43,-191.89,324.72,2065.35,69.07999999999993,1942.54,1942.54,0.0
82,2022-09-18 20:30:00,2067.31,-124.77,353.79,2134.43,-67.11999999999989,1942.54,1942.54,0.0
83,2022-09-18 20:45:00,1937.85,4.69,352.53,2067.31,-129.46000000000004,1942.54,1942.54,0.0
84,2022-09-18 21:00:00,2088.92,-146.38,386.64,1937.85,151.07000000000016,1942.54,1942.54,0.0
85,2022-09-18 21:15:00,2143.51,-200.97,433.47,2088.92,54.590000000000146,1942.5400000000002,1942.54,2.2737367544323206e-13
86,2022-09-18 21:30:00,2147.88,-205.34,481.31,2143.51,4.369999999999891,1942.5400000000002,1942.5400000000002,0.0
87,2022-09-18 21:45:00,2140.38,-197.84,527.41,2147.88,-7.5,1942.5400000000002,1942.5400000000002,0.0
88,2022-09-18 22:00:00,2117.04,-174.5,568.07,2140.38,-23.340000000000146,1942.54,1942.5400000000002,-2.2737367544323206e-13
89,2022-09-18 22:15:00,2106.52,-163.98,606.28,2117.04,-10.519999999999982,1942.54,1942.54,0.0
90,2022-09-18 22:30:00,2076.46,-133.91,637.48,2106.52,-30.059999999999945,1942.55,1942.54,0.009999999999990905
91,2022-09-18 22:45:00,1964.1,-21.56,642.5,2076.46,-112.36000000000013,1942.54,1942.55,-0.009999999999990905
92,2022-09-18 23:00:00,1759.8,5.09,641.14,1964.1,-204.29999999999995,1764.8899999999999,1942.54,-177.6500000000001
93,2022-09-18 23:15:00,1733.13,31.77,632.62,1759.8,-26.669999999999845,1764.9,1764.8899999999999,0.010000000000218279
94,2022-09-18 23:30:00,1807.32,-42.42,642.5,1733.13,74.18999999999983,1764.8999999999999,1764.9,-2.2737367544323206e-13
95,2022-09-18 23:45:00,1637.92,37.31,632.49,1807.32,-169.39999999999986,1675.23,1764.8999999999999,-89.66999999999985
